
obj/kern/kernel：     文件格式 elf32-i386

.stab 节的内容：

Symnum n_type n_othr n_desc n_value  n_strx String

-1     HdrSym 0      1450   000019c3 1     
0      SO     0      0      f0100000 1      {standard input}
1      SOL    0      0      f010000c 18     kern/entry.S
2      SLINE  0      44     f010000c 0      
3      SLINE  0      57     f0100015 0      
4      SLINE  0      58     f010001a 0      
5      SLINE  0      60     f010001d 0      
6      SLINE  0      61     f0100020 0      
7      SLINE  0      62     f0100025 0      
8      SLINE  0      67     f0100028 0      
9      SLINE  0      68     f010002d 0      
10     SLINE  0      74     f010002f 0      
11     SLINE  0      77     f0100034 0      
12     SLINE  0      80     f0100039 0      
13     SLINE  0      83     f010003e 0      
14     SO     0      2      f0100040 31     kern/entrypgdir.c
15     OPT    0      0      00000000 49     gcc2_compiled.
16     LSYM   0      0      00000000 64     int:t(0,1)=r(0,1);-2147483648;2147483647;
17     LSYM   0      0      00000000 106    char:t(0,2)=r(0,2);0;127;
18     LSYM   0      0      00000000 132    long int:t(0,3)=r(0,3);-2147483648;2147483647;
19     LSYM   0      0      00000000 179    unsigned int:t(0,4)=r(0,4);0;4294967295;
20     LSYM   0      0      00000000 220    long unsigned int:t(0,5)=r(0,5);0;4294967295;
21     LSYM   0      0      00000000 266    __int128:t(0,6)=r(0,6);0;-1;
22     LSYM   0      0      00000000 295    __int128 unsigned:t(0,7)=r(0,7);0;-1;
23     LSYM   0      0      00000000 333    long long int:t(0,8)=r(0,8);-9223372036854775808;9223372036854775807;
24     LSYM   0      0      00000000 403    long long unsigned int:t(0,9)=r(0,9);0;-1;
25     LSYM   0      0      00000000 446    short int:t(0,10)=r(0,10);-32768;32767;
26     LSYM   0      0      00000000 486    short unsigned int:t(0,11)=r(0,11);0;65535;
27     LSYM   0      0      00000000 530    signed char:t(0,12)=r(0,12);-128;127;
28     LSYM   0      0      00000000 568    unsigned char:t(0,13)=r(0,13);0;255;
29     LSYM   0      0      00000000 605    float:t(0,14)=r(0,1);4;0;
30     LSYM   0      0      00000000 631    double:t(0,15)=r(0,1);8;0;
31     LSYM   0      0      00000000 658    long double:t(0,16)=r(0,1);12;0;
32     LSYM   0      0      00000000 691    _Float32:t(0,17)=r(0,1);4;0;
33     LSYM   0      0      00000000 720    _Float64:t(0,18)=r(0,1);8;0;
34     LSYM   0      0      00000000 749    _Float128:t(0,19)=r(0,1);16;0;
35     LSYM   0      0      00000000 780    _Float32x:t(0,20)=r(0,1);8;0;
36     LSYM   0      0      00000000 810    _Float64x:t(0,21)=r(0,1);12;0;
37     LSYM   0      0      00000000 841    _Decimal32:t(0,22)=r(0,1);4;0;
38     LSYM   0      0      00000000 872    _Decimal64:t(0,23)=r(0,1);8;0;
39     LSYM   0      0      00000000 903    _Decimal128:t(0,24)=r(0,1);16;0;
40     LSYM   0      0      00000000 936    void:t(0,25)=(0,25)
41     BINCL  0      0      000159c2 956    ./inc/mmu.h
42     BINCL  0      0      000060d4 968    ./inc/types.h
43     LSYM   0      0      00000000 982    bool:t(2,1)=(2,2)=eFalse:0,True:1,;
44     LSYM   0      0      00000000 1018    :T(2,3)=efalse:0,true:1,;
45     LSYM   0      0      00000000 1045   int8_t:t(2,4)=(0,12)
46     LSYM   0      0      00000000 1066   uint8_t:t(2,5)=(0,13)
47     LSYM   0      0      00000000 1088   int16_t:t(2,6)=(0,10)
48     LSYM   0      0      00000000 1110   uint16_t:t(2,7)=(0,11)
49     LSYM   0      0      00000000 1133   int32_t:t(2,8)=(0,1)
50     LSYM   0      0      00000000 1154   uint32_t:t(2,9)=(0,4)
51     LSYM   0      0      00000000 1176   int64_t:t(2,10)=(0,8)
52     LSYM   0      0      00000000 1198   uint64_t:t(2,11)=(0,9)
53     LSYM   0      0      00000000 1221   intptr_t:t(2,12)=(2,8)
54     LSYM   0      0      00000000 1244   uintptr_t:t(2,13)=(2,9)
55     LSYM   0      0      00000000 1268   physaddr_t:t(2,14)=(2,9)
56     LSYM   0      0      00000000 1293   ppn_t:t(2,15)=(2,9)
57     LSYM   0      0      00000000 1313   size_t:t(2,16)=(2,9)
58     LSYM   0      0      00000000 1334   ssize_t:t(2,17)=(2,8)
59     LSYM   0      0      00000000 1356   off_t:t(2,18)=(2,8)
60     EINCL  0      0      00000000 0      
61     LSYM   0      0      00000000 1376   Segdesc:T(1,1)=s8sd_lim_15_0:(0,4),0,16;sd_base_15_0:(0,4),16,16;sd_base_23_16:(0,4),32,8;sd_type:(0,4),40,4;sd_s:(0,4),44,1;sd_dpl:(0,4),45,2;sd_p:(0,4),47,1;sd_lim_19_16:(0,4),48,4;sd_avl:(0,4),52,1;sd_rsv1:(0,4),53,1;sd_db:(0,4),54,1;sd_g:(0,4),55,1;sd_base_31_24:(0,4),56,8;;
62     LSYM   0      0      00000000 1656   Taskstate:T(1,2)=s104ts_link:(2,9),0,32;ts_esp0:(2,13),32,32;ts_ss0:(2,7),64,16;ts_padding1:(2,7),80,16;ts_esp1:(2,13),96,32;ts_ss1:(2,7),128,16;ts_padding2:(2,7),144,16;ts_esp2:(2,13),160,32;ts_ss2:(2,7),192,16;ts_padding3:(2,7),208,16;ts_cr3:(2,14),224,32;ts_eip:(2,13),256,32;ts_eflags:(2,9),288,32;ts_eax:(2,9),320,32;ts_ecx:(2,9),352,32;ts_edx:(2,9),384,32;ts_ebx:(2,9),416,32;ts_esp:(2,13),448,32;ts_ebp:(2,13),480,32;ts_esi:(2,9),512,32;ts_edi:(2,9),544,32;ts_es:(2,7),576,16;ts_padding4:(2,7),592,16;ts_cs:(2,7),608,16;ts_padding5:(2,7),624,16;ts_ss:(2,7),640,16;ts_padding6:(2,7),656,16;ts_ds:(2,7),672,16;ts_padding7:(2,7),688,16;ts_fs:(2,7),704,16;ts_padding8:(2,7),720,16;ts_gs:(2,7),736,16;ts_padding9:(2,7),752,16;ts_ldt:(2,7),768,16;ts_padding10:(2,7),784,16;ts_t:(2,7),800,16;ts_iomb:(2,7),816,16;;
63     LSYM   0      0      00000000 2471   Gatedesc:T(1,3)=s8gd_off_15_0:(0,4),0,16;gd_sel:(0,4),16,16;gd_args:(0,4),32,5;gd_rsv1:(0,4),37,3;gd_type:(0,4),40,4;gd_s:(0,4),44,1;gd_dpl:(0,4),45,2;gd_p:(0,4),47,1;gd_off_31_16:(0,4),48,16;;
64     LSYM   0      0      00000000 2665   Pseudodesc:T(1,4)=s6pd_lim:(2,7),0,16;pd_base:(2,9),16,32;;
65     EINCL  0      0      00000000 0      
66     BINCL  0      0      000008c7 2725   ./inc/memlayout.h
67     LSYM   0      0      00000000 2743   pte_t:t(3,1)=(2,9)
68     LSYM   0      0      00000000 2762   pde_t:t(3,2)=(2,9)
69     EINCL  0      0      00000000 0      
70     GSYM   0      0      00000000 2781   entry_pgdir:G(0,26)=ar(0,27)=r(0,27);0;4294967295;;0;1023;(3,2)
71     GSYM   0      0      00000000 2845   entry_pgtable:G(0,28)=ar(0,27);0;1023;(3,1)
72     SO     0      0      f0100040 0      
73     SO     0      2      f0100040 2889   kern/init.c
74     OPT    0      0      00000000 49     gcc2_compiled.
75     LSYM   0      0      00000000 64     int:t(0,1)=r(0,1);-2147483648;2147483647;
76     LSYM   0      0      00000000 106    char:t(0,2)=r(0,2);0;127;
77     LSYM   0      0      00000000 132    long int:t(0,3)=r(0,3);-2147483648;2147483647;
78     LSYM   0      0      00000000 179    unsigned int:t(0,4)=r(0,4);0;4294967295;
79     LSYM   0      0      00000000 220    long unsigned int:t(0,5)=r(0,5);0;4294967295;
80     LSYM   0      0      00000000 266    __int128:t(0,6)=r(0,6);0;-1;
81     LSYM   0      0      00000000 295    __int128 unsigned:t(0,7)=r(0,7);0;-1;
82     LSYM   0      0      00000000 333    long long int:t(0,8)=r(0,8);-9223372036854775808;9223372036854775807;
83     LSYM   0      0      00000000 403    long long unsigned int:t(0,9)=r(0,9);0;-1;
84     LSYM   0      0      00000000 446    short int:t(0,10)=r(0,10);-32768;32767;
85     LSYM   0      0      00000000 486    short unsigned int:t(0,11)=r(0,11);0;65535;
86     LSYM   0      0      00000000 530    signed char:t(0,12)=r(0,12);-128;127;
87     LSYM   0      0      00000000 568    unsigned char:t(0,13)=r(0,13);0;255;
88     LSYM   0      0      00000000 605    float:t(0,14)=r(0,1);4;0;
89     LSYM   0      0      00000000 631    double:t(0,15)=r(0,1);8;0;
90     LSYM   0      0      00000000 658    long double:t(0,16)=r(0,1);12;0;
91     LSYM   0      0      00000000 691    _Float32:t(0,17)=r(0,1);4;0;
92     LSYM   0      0      00000000 720    _Float64:t(0,18)=r(0,1);8;0;
93     LSYM   0      0      00000000 749    _Float128:t(0,19)=r(0,1);16;0;
94     LSYM   0      0      00000000 780    _Float32x:t(0,20)=r(0,1);8;0;
95     LSYM   0      0      00000000 810    _Float64x:t(0,21)=r(0,1);12;0;
96     LSYM   0      0      00000000 841    _Decimal32:t(0,22)=r(0,1);4;0;
97     LSYM   0      0      00000000 872    _Decimal64:t(0,23)=r(0,1);8;0;
98     LSYM   0      0      00000000 903    _Decimal128:t(0,24)=r(0,1);16;0;
99     LSYM   0      0      00000000 936    void:t(0,25)=(0,25)
100    BINCL  0      0      00000000 2901   ./inc/stdio.h
101    BINCL  0      0      00000650 2915   ./inc/stdarg.h
102    LSYM   0      0      00000000 2930   va_list:t(2,1)=(2,2)=*(0,2)
103    EINCL  0      0      00000000 0      
104    EINCL  0      0      00000000 0      
105    BINCL  0      0      00000000 2958   ./inc/string.h
106    EXCL   0      0      000060d4 968    ./inc/types.h
107    EINCL  0      0      00000000 0      
108    FUN    0      0      f0100040 2973   test_backtrace:F(0,25)
109    PSYM   0      0      00000008 2996   x:p(0,1)
110    SLINE  0      13     00000000 0      
111    SLINE  0      14     00000017 0      
112    SLINE  0      15     00000027 0      
113    SLINE  0      16     0000002e 0      
114    SLINE  0      19     0000003d 0      
115    SLINE  0      20     0000004d 0      
116    SLINE  0      18     00000057 0      
117    RSYM   0      0      00000006 3005   x:r(0,1)
118    FUN    0      0      f01000aa 3014   i386_init:F(0,25)
119    SLINE  0      24     00000000 0      
120    SLINE  0      30     00000016 0      
121    SLINE  0      30     00000024 0      
122    SLINE  0      34     0000002d 0      
123    SLINE  0      36     00000032 0      
124    SLINE  0      39     00000046 0      
125    SLINE  0      43     00000055 0      
126    FUN    0      0      f010010e 3032   _panic:F(0,25)
127    PSYM   0      0      00000008 3047   file:p(0,26)=*(0,2)
128    PSYM   0      0      0000000c 3067   line:p(0,1)
129    PSYM   0      0      00000010 3079   fmt:p(0,26)
130    SLINE  0      59     00000000 0      
131    SLINE  0      62     0000001b 0      
132    SLINE  0      62     00000021 0      
133    SLINE  0      78     00000026 0      
134    SLINE  0      64     00000035 0      
135    SLINE  0      67     00000037 0      
136    SLINE  0      69     00000039 0      
137    SLINE  0      70     0000003c 0      
138    SLINE  0      71     00000051 0      
139    SLINE  0      72     0000005b 0      
140    RSYM   0      0      00000007 3091   fmt:r(0,26)
141    FUN    0      0      f010017c 3103   _warn:F(0,25)
142    PSYM   0      0      00000008 3117   file:p(0,26)
143    PSYM   0      0      0000000c 3067   line:p(0,1)
144    PSYM   0      0      00000010 3079   fmt:p(0,26)
145    SLINE  0      84     00000000 0      
146    SLINE  0      87     00000014 0      
147    SLINE  0      88     00000017 0      
148    SLINE  0      89     0000002c 0      
149    SLINE  0      90     00000038 0      
150    SLINE  0      92     00000046 0      
151    GSYM   0      0      00000000 3130   panicstr:G(0,26)
152    SO     0      0      f01001cc 0      
153    SO     0      2      f01001d0 3147   kern/console.c
154    OPT    0      0      00000000 49     gcc2_compiled.
155    LSYM   0      0      00000000 64     int:t(0,1)=r(0,1);-2147483648;2147483647;
156    LSYM   0      0      00000000 106    char:t(0,2)=r(0,2);0;127;
157    LSYM   0      0      00000000 132    long int:t(0,3)=r(0,3);-2147483648;2147483647;
158    LSYM   0      0      00000000 179    unsigned int:t(0,4)=r(0,4);0;4294967295;
159    LSYM   0      0      00000000 220    long unsigned int:t(0,5)=r(0,5);0;4294967295;
160    LSYM   0      0      00000000 266    __int128:t(0,6)=r(0,6);0;-1;
161    LSYM   0      0      00000000 295    __int128 unsigned:t(0,7)=r(0,7);0;-1;
162    LSYM   0      0      00000000 333    long long int:t(0,8)=r(0,8);-9223372036854775808;9223372036854775807;
163    LSYM   0      0      00000000 403    long long unsigned int:t(0,9)=r(0,9);0;-1;
164    LSYM   0      0      00000000 446    short int:t(0,10)=r(0,10);-32768;32767;
165    LSYM   0      0      00000000 486    short unsigned int:t(0,11)=r(0,11);0;65535;
166    LSYM   0      0      00000000 530    signed char:t(0,12)=r(0,12);-128;127;
167    LSYM   0      0      00000000 568    unsigned char:t(0,13)=r(0,13);0;255;
168    LSYM   0      0      00000000 605    float:t(0,14)=r(0,1);4;0;
169    LSYM   0      0      00000000 631    double:t(0,15)=r(0,1);8;0;
170    LSYM   0      0      00000000 658    long double:t(0,16)=r(0,1);12;0;
171    LSYM   0      0      00000000 691    _Float32:t(0,17)=r(0,1);4;0;
172    LSYM   0      0      00000000 720    _Float64:t(0,18)=r(0,1);8;0;
173    LSYM   0      0      00000000 749    _Float128:t(0,19)=r(0,1);16;0;
174    LSYM   0      0      00000000 780    _Float32x:t(0,20)=r(0,1);8;0;
175    LSYM   0      0      00000000 810    _Float64x:t(0,21)=r(0,1);12;0;
176    LSYM   0      0      00000000 841    _Decimal32:t(0,22)=r(0,1);4;0;
177    LSYM   0      0      00000000 872    _Decimal64:t(0,23)=r(0,1);8;0;
178    LSYM   0      0      00000000 903    _Decimal128:t(0,24)=r(0,1);16;0;
179    LSYM   0      0      00000000 936    void:t(0,25)=(0,25)
180    BINCL  0      0      00000000 3162   ./inc/x86.h
181    EXCL   0      0      000060d4 968    ./inc/types.h
182    EINCL  0      0      00000000 0      
183    EXCL   0      0      000008c7 2725   ./inc/memlayout.h
184    EXCL   0      0      000159c2 956    ./inc/mmu.h
185    BINCL  0      0      00000000 3174   ./inc/assert.h
186    EXCL   0      0      00000000 2901   ./inc/stdio.h
187    EXCL   0      0      00000650 2915   ./inc/stdarg.h
188    EINCL  0      0      00000000 0      
189    FUN    0      0      f01001d0 3189   serial_proc_data:f(0,1)
190    SLINE  0      52     00000000 0      
191    SOL    0      0      f01001d4 3162   ./inc/x86.h
192    SLINE  0      16     00000004 0      
193    SOL    0      0      f01001da 3147   kern/console.c
194    SLINE  0      53     0000000a 0      
195    SOL    0      0      f01001de 3162   ./inc/x86.h
196    SLINE  0      16     0000000e 0      
197    SOL    0      0      f01001e4 3147   kern/console.c
198    SLINE  0      55     00000014 0      
199    SLINE  0      54     00000018 0      
200    SLINE  0      56     0000001d 0      
201    FUN    0      0      f01001ee 3213   cons_intr:f(0,25)
202    RSYM   0      0      00000007 3231   proc:P(0,26)=*(0,27)=f(0,1)
203    SLINE  0      397    00000000 0      
204    SLINE  0      403    00000016 0      
205    SLINE  0      403    0000001c 0      
206    SLINE  0      400    00000025 0      
207    SLINE  0      400    0000002a 0      
208    SLINE  0      401    0000002f 0      
209    SLINE  0      403    00000033 0      
210    SLINE  0      403    0000003a 0      
211    SLINE  0      403    0000003d 0      
212    SLINE  0      404    00000043 0      
213    SLINE  0      405    00000049 0      
214    SLINE  0      407    0000005a 0      
215    RSYM   0      0      00000000 3259   c:r(0,1)
216    LBRAC  0      0      00000000 0      
217    RBRAC  0      0      00000062 0      
218    FUN    0      0      f0100250 3268   kbd_proc_data:f(0,1)
219    SLINE  0      317    00000000 0      
220    SOL    0      0      f0100264 3162   ./inc/x86.h
221    SLINE  0      16     00000014 0      
222    SOL    0      0      f010026a 3147   kern/console.c
223    SLINE  0      323    0000001a 0      
224    SLINE  0      326    00000022 0      
225    SOL    0      0      f010027a 3162   ./inc/x86.h
226    SLINE  0      16     0000002a 0      
227    SOL    0      0      f0100282 3147   kern/console.c
228    SLINE  0      331    00000032 0      
229    SLINE  0      335    00000036 0      
230    SLINE  0      340    0000003a 0      
231    SLINE  0      340    00000040 0      
232    SLINE  0      342    00000045 0      
233    SLINE  0      343    0000004a 0      
234    SLINE  0      346    00000053 0      
235    SLINE  0      346    0000005e 0      
236    SLINE  0      347    00000064 0      
237    SLINE  0      347    0000006c 0      
238    SLINE  0      349    00000074 0      
239    SLINE  0      349    00000079 0      
240    SLINE  0      349    00000084 0      
241    SLINE  0      350    00000087 0      
242    SLINE  0      351    0000008b 0      
243    SLINE  0      351    00000090 0      
244    SLINE  0      352    00000095 0      
245    SLINE  0      333    0000009a 0      
246    SLINE  0      334    000000a1 0      
247    SLINE  0      365    000000a6 0      
248    SLINE  0      337    000000af 0      
249    SLINE  0      337    000000b5 0      
250    SLINE  0      338    000000c2 0      
251    SLINE  0      338    000000c5 0      
252    SLINE  0      338    000000d3 0      
253    SLINE  0      338    000000d5 0      
254    SLINE  0      339    000000dd 0      
255    SLINE  0      353    000000e4 0      
256    SLINE  0      354    000000e7 0      
257    SLINE  0      359    000000f0 0      
258    SLINE  0      359    000000f2 0      
259    SLINE  0      360    000000fe 0      
260    SOL    0      0      f010035d 3162   ./inc/x86.h
261    SLINE  0      66     0000010d 0      
262    SLINE  0      67     00000118 0      
263    SOL    0      0      f010036d 3147   kern/console.c
264    SLINE  0      324    0000011d 0      
265    SLINE  0      327    00000124 0      
266    RSYM   0      0      00000006 3259   c:r(0,1)
267    RSYM   0      0      00000002 3289   data:r(2,5)
268    LCSYM  0      0      f0114060 3301   shift:V(2,9)
269    LBRAC  0      0      00000000 0      
270    RSYM   0      0      00000002 3289   data:r(2,5)
271    LBRAC  0      0      0000002a 0      
272    RBRAC  0      0      00000032 0      
273    RBRAC  0      0      0000012e 0      
274    FUN    0      0      f010037e 3314   cons_putc:f(0,25)
275    RSYM   0      0      00000007 3332   c:P(0,1)
276    SLINE  0      434    00000000 0      
277    SLINE  0      70     00000016 0      
278    SOL    0      0      f0100399 3162   ./inc/x86.h
279    SLINE  0      16     0000001b 0      
280    SOL    0      0      f01003a4 3147   kern/console.c
281    SLINE  0      71     00000026 0      
282    SOL    0      0      f01003b0 3162   ./inc/x86.h
283    SLINE  0      16     00000032 0      
284    SOL    0      0      f01003b6 3147   kern/console.c
285    SLINE  0      72     00000038 0      
286    SLINE  0      75     0000003d 0      
287    SOL    0      0      f01003c0 3162   ./inc/x86.h
288    SLINE  0      66     00000042 0      
289    SOL    0      0      f01003c6 3147   kern/console.c
290    SLINE  0      116    00000048 0      
291    SOL    0      0      f01003cb 3162   ./inc/x86.h
292    SLINE  0      16     0000004d 0      
293    SOL    0      0      f01003d6 3147   kern/console.c
294    SLINE  0      116    00000058 0      
295    SOL    0      0      f01003e2 3162   ./inc/x86.h
296    SLINE  0      16     00000064 0      
297    SOL    0      0      f01003e8 3147   kern/console.c
298    SLINE  0      116    0000006a 0      
299    SOL    0      0      f01003ed 3162   ./inc/x86.h
300    SLINE  0      66     0000006f 0      
301    SOL    0      0      f0100408 3147   kern/console.c
302    SLINE  0      167    0000008a 0      
303    SLINE  0      169    00000098 0      
304    SLINE  0      169    0000009d 0      
305    SLINE  0      183    000000bf 0      
306    SLINE  0      184    000000c9 0      
307    SLINE  0      185    000000d3 0      
308    SLINE  0      186    000000dd 0      
309    SLINE  0      187    000000e7 0      
310    SLINE  0      188    000000f1 0      
311    SLINE  0      169    000000f3 0      
312    SLINE  0      180    000000fc 0      
313    SLINE  0      195    00000119 0      
314    SLINE  0      205    00000128 0      
315    SOL    0      0      f01004ac 3162   ./inc/x86.h
316    SLINE  0      66     0000012e 0      
317    SOL    0      0      f01004b4 3147   kern/console.c
318    SLINE  0      206    00000136 0      
319    SLINE  0      206    0000013d 0      
320    SLINE  0      206    00000140 0      
321    SOL    0      0      f01004c4 3162   ./inc/x86.h
322    SLINE  0      66     00000146 0      
323    SOL    0      0      f01004d4 3147   kern/console.c
324    SLINE  0      438    00000156 0      
325    SLINE  0      171    0000015e 0      
326    SLINE  0      171    00000165 0      
327    SLINE  0      172    0000016a 0      
328    SLINE  0      173    00000174 0      
329    SLINE  0      173    00000177 0      
330    SLINE  0      173    0000017b 0      
331    SLINE  0      177    0000018a 0      
332    SLINE  0      190    00000197 0      
333    SLINE  0      190    000001ab 0      
334    SLINE  0      191    000001b5 0      
335    SLINE  0      198    000001ba 0      
336    SLINE  0      198    000001c8 0      
337    SLINE  0      198    000001ce 0      
338    SLINE  0      200    000001d5 0      
339    SLINE  0      200    000001ea 0      
340    SLINE  0      199    000001f2 0      
341    RSYM   0      0      00000006 3341   i:r(0,1)
342    LBRAC  0      0      00000016 0      
343    RBRAC  0      0      00000048 0      
344    RSYM   0      0      00000006 3341   i:r(0,1)
345    LBRAC  0      0      00000048 0      
346    RBRAC  0      0      0000008a 0      
347    RSYM   0      0      00000007 3259   c:r(0,1)
348    LBRAC  0      0      0000008a 0      
349    RBRAC  0      0      00000156 0      
350    RSYM   0      0      00000007 3259   c:r(0,1)
351    LBRAC  0      0      0000015e 0      
352    RBRAC  0      0      000001fb 0      
353    FUN    0      0      f0100579 3350   serial_intr:F(0,25)
354    SLINE  0      60     00000000 0      
355    SLINE  0      61     0000000e 0      
356    SLINE  0      60     00000018 0      
357    SLINE  0      62     0000001e 0      
358    SLINE  0      63     00000029 0      
359    FUN    0      0      f01005a4 3370   kbd_intr:F(0,25)
360    SLINE  0      369    00000000 0      
361    SLINE  0      370    00000014 0      
362    SLINE  0      371    0000001f 0      
363    FUN    0      0      f01005c5 3387   cons_getc:F(0,1)
364    SLINE  0      412    00000000 0      
365    SLINE  0      418    00000016 0      
366    SLINE  0      419    0000001b 0      
367    SLINE  0      422    00000020 0      
368    SLINE  0      428    00000026 0      
369    SLINE  0      422    0000002b 0      
370    SLINE  0      423    00000033 0      
371    SLINE  0      423    00000036 0      
372    SLINE  0      425    0000003e 0      
373    SLINE  0      429    00000052 0      
374    RSYM   0      0      00000002 3259   c:r(0,1)
375    LBRAC  0      0      00000000 0      
376    RBRAC  0      0      0000005a 0      
377    FUN    0      0      f010061f 3404   cons_init:F(0,25)
378    SLINE  0      443    00000000 0      
379    SLINE  0      140    00000018 0      
380    SLINE  0      141    0000001f 0      
381    SLINE  0      142    00000028 0      
382    SLINE  0      142    0000002f 0      
383    SLINE  0      144    00000039 0      
384    SLINE  0      143    00000043 0      
385    SLINE  0      151    0000004a 0      
386    SOL    0      0      f010066f 3162   ./inc/x86.h
387    SLINE  0      66     00000050 0      
388    SOL    0      0      f0100677 3147   kern/console.c
389    SLINE  0      152    00000058 0      
390    SOL    0      0      f010067a 3162   ./inc/x86.h
391    SLINE  0      16     0000005b 0      
392    SOL    0      0      f010067d 3147   kern/console.c
393    SLINE  0      152    0000005e 0      
394    SLINE  0      152    00000061 0      
395    SOL    0      0      f0100683 3162   ./inc/x86.h
396    SLINE  0      66     00000064 0      
397    SLINE  0      16     0000006c 0      
398    SOL    0      0      f010068e 3147   kern/console.c
399    SLINE  0      156    0000006f 0      
400    SLINE  0      154    00000078 0      
401    SLINE  0      154    0000007b 0      
402    SLINE  0      157    0000007d 0      
403    SOL    0      0      f01006a3 3162   ./inc/x86.h
404    SLINE  0      66     00000084 0      
405    SLINE  0      16     000000cb 0      
406    SOL    0      0      f01006f2 3147   kern/console.c
407    SLINE  0      99     000000d3 0      
408    SLINE  0      99     000000d5 0      
409    SOL    0      0      f01006fb 3162   ./inc/x86.h
410    SLINE  0      16     000000dc 0      
411    SOL    0      0      f0100707 3147   kern/console.c
412    SLINE  0      448    000000e8 0      
413    SLINE  0      450    000000ed 0      
414    SLINE  0      146    000000f5 0      
415    SLINE  0      147    000000fc 0      
416    SLINE  0      139    00000106 0      
417    SLINE  0      449    00000112 0      
418    SLINE  0      450    00000124 0      
419    RSYM   0      0      00000002 3422   was:r(2,7)
420    LBRAC  0      0      00000018 0      
421    RBRAC  0      0      00000084 0      
422    RSYM   0      0      00000002 3422   was:r(2,7)
423    LBRAC  0      0      000000f5 0      
424    RBRAC  0      0      00000112 0      
425    FUN    0      0      f0100745 3433   cputchar:F(0,25)
426    PSYM   0      0      00000008 3450   c:p(0,1)
427    SLINE  0      457    00000000 0      
428    SLINE  0      458    0000000a 0      
429    SLINE  0      459    00000012 0      
430    FUN    0      0      f0100759 3459   getchar:F(0,1)
431    SLINE  0      463    00000000 0      
432    SLINE  0      466    0000000a 0      
433    SLINE  0      466    0000000f 0      
434    SLINE  0      469    00000013 0      
435    RSYM   0      0      00000000 3259   c:r(0,1)
436    LBRAC  0      0      00000000 0      
437    RBRAC  0      0      00000015 0      
438    FUN    0      0      f010076e 3474   iscons:F(0,1)
439    PSYM   0      0      00000008 3488   fdnum:p(0,1)
440    SLINE  0      473    00000000 0      
441    SLINE  0      476    00000004 0      
442    LCSYM  0      0      f0114060 3301   shift:V(2,9)
443    LCSYM  0      0      f0114080 3501   cons:S(0,28)=s520buf:(0,29)=ar(0,30)=r(0,30);0;4294967295;;0;511;(2,5),0,4096;rpos:(2,9),4096,32;wpos:(2,9),4128,32;;
444    STSYM  0      0      f0114000 3619   charcode:S(0,31)=ar(0,30);0;3;(0,32)=*(2,5)
445    STSYM  0      0      f0112000 3663   ctlmap:S(0,33)=ar(0,30);0;255;(2,5)
446    STSYM  0      0      f0112100 3699   shiftmap:S(0,33)
447    STSYM  0      0      f0112200 3716   normalmap:S(0,33)
448    STSYM  0      0      f0101c60 3734   togglecode:S(0,33)
449    STSYM  0      0      f0101d60 3753   shiftcode:S(0,33)
450    LCSYM  0      0      f0114288 3771   crt_pos:S(2,7)
451    LCSYM  0      0      f011428c 3786   crt_buf:S(0,34)=*(2,7)
452    LCSYM  0      0      f0114290 3809   addr_6845:S(0,4)
453    LCSYM  0      0      f0114294 3826   serial_exists:S(2,1)
454    SO     0      0      f0100778 0      
455    SO     0      2      f0100780 3847   kern/monitor.c
456    OPT    0      0      00000000 49     gcc2_compiled.
457    LSYM   0      0      00000000 64     int:t(0,1)=r(0,1);-2147483648;2147483647;
458    LSYM   0      0      00000000 106    char:t(0,2)=r(0,2);0;127;
459    LSYM   0      0      00000000 132    long int:t(0,3)=r(0,3);-2147483648;2147483647;
460    LSYM   0      0      00000000 179    unsigned int:t(0,4)=r(0,4);0;4294967295;
461    LSYM   0      0      00000000 220    long unsigned int:t(0,5)=r(0,5);0;4294967295;
462    LSYM   0      0      00000000 266    __int128:t(0,6)=r(0,6);0;-1;
463    LSYM   0      0      00000000 295    __int128 unsigned:t(0,7)=r(0,7);0;-1;
464    LSYM   0      0      00000000 333    long long int:t(0,8)=r(0,8);-9223372036854775808;9223372036854775807;
465    LSYM   0      0      00000000 403    long long unsigned int:t(0,9)=r(0,9);0;-1;
466    LSYM   0      0      00000000 446    short int:t(0,10)=r(0,10);-32768;32767;
467    LSYM   0      0      00000000 486    short unsigned int:t(0,11)=r(0,11);0;65535;
468    LSYM   0      0      00000000 530    signed char:t(0,12)=r(0,12);-128;127;
469    LSYM   0      0      00000000 568    unsigned char:t(0,13)=r(0,13);0;255;
470    LSYM   0      0      00000000 605    float:t(0,14)=r(0,1);4;0;
471    LSYM   0      0      00000000 631    double:t(0,15)=r(0,1);8;0;
472    LSYM   0      0      00000000 658    long double:t(0,16)=r(0,1);12;0;
473    LSYM   0      0      00000000 691    _Float32:t(0,17)=r(0,1);4;0;
474    LSYM   0      0      00000000 720    _Float64:t(0,18)=r(0,1);8;0;
475    LSYM   0      0      00000000 749    _Float128:t(0,19)=r(0,1);16;0;
476    LSYM   0      0      00000000 780    _Float32x:t(0,20)=r(0,1);8;0;
477    LSYM   0      0      00000000 810    _Float64x:t(0,21)=r(0,1);12;0;
478    LSYM   0      0      00000000 841    _Decimal32:t(0,22)=r(0,1);4;0;
479    LSYM   0      0      00000000 872    _Decimal64:t(0,23)=r(0,1);8;0;
480    LSYM   0      0      00000000 903    _Decimal128:t(0,24)=r(0,1);16;0;
481    LSYM   0      0      00000000 936    void:t(0,25)=(0,25)
482    EXCL   0      0      00000000 2901   ./inc/stdio.h
483    EXCL   0      0      00000650 2915   ./inc/stdarg.h
484    EXCL   0      0      00000000 2958   ./inc/string.h
485    EXCL   0      0      000060d4 968    ./inc/types.h
486    EXCL   0      0      000008c7 2725   ./inc/memlayout.h
487    EXCL   0      0      000159c2 956    ./inc/mmu.h
488    BINCL  0      0      0000300f 3862   ./kern/kdebug.h
489    LSYM   0      0      00000000 3878   Eipdebuginfo:T(7,1)=s24eip_file:(7,2)=*(0,2),0,32;eip_line:(0,1),32,32;eip_fn_name:(7,2),64,32;eip_fn_namelen:(0,1),96,32;eip_fn_addr:(4,13),128,32;eip_fn_narg:(0,1),160,32;;
490    EINCL  0      0      00000000 0      
491    LSYM   0      0      00000000 4053   Command:T(0,26)=s12name:(7,2),0,32;desc:(7,2),32,32;func:(0,27)=*(0,28)=f(0,1),64,32;;
492    FUN    0      0      f0100780 4140   mon_help:F(0,1)
493    PSYM   0      0      00000008 4156   argc:p(0,1)
494    PSYM   0      0      0000000c 4168   argv:p(0,29)=*(2,2)
495    PSYM   0      0      00000010 4188   tf:p(0,30)=*(0,31)=xsTrapframe:
496    SLINE  0      34     00000000 0      
497    SLINE  0      38     00000014 0      
498    SLINE  0      40     0000005f 0      
499    FUN    0      0      f01007eb 4220   mon_kerninfo:F(0,1)
500    PSYM   0      0      00000008 4156   argc:p(0,1)
501    PSYM   0      0      0000000c 4240   argv:p(0,29)
502    PSYM   0      0      00000010 4253   tf:p(0,30)
503    SLINE  0      44     00000000 0      
504    SLINE  0      47     00000018 0      
505    SLINE  0      48     00000024 0      
506    SLINE  0      49     00000039 0      
507    SLINE  0      50     00000056 0      
508    SLINE  0      51     00000073 0      
509    SLINE  0      52     00000090 0      
510    SLINE  0      53     000000ad 0      
511    SLINE  0      54     000000b0 0      
512    SLINE  0      53     000000b8 0      
513    SLINE  0      56     000000c8 0      
514    FUN    0      0      f01008c0 4264   mon_backtrace:F(0,1)
515    PSYM   0      0      00000008 4156   argc:p(0,1)
516    PSYM   0      0      0000000c 4240   argv:p(0,29)
517    PSYM   0      0      00000010 4253   tf:p(0,30)
518    SLINE  0      60     00000000 0      
519    SLINE  0      63     00000018 0      
520    SOL    0      0      f01008e4 3162   ./inc/x86.h
521    SLINE  0      214    00000024 0      
522    SOL    0      0      f01008e8 3847   kern/monitor.c
523    SLINE  0      66     00000028 0      
524    SLINE  0      67     0000002a 0      
525    SLINE  0      68     0000002d 0      
526    SLINE  0      69     00000030 0      
527    SLINE  0      68     00000036 0      
528    SLINE  0      69     0000003a 0      
529    SLINE  0      82     00000051 0      
530    SLINE  0      83     00000053 0      
531    SLINE  0      84     00000055 0      
532    SLINE  0      88     0000005d 0      
533    RSYM   0      0      00000000 4285   ebp:r(4,9)
534    RSYM   0      0      00000006 4296   ebp_ptr:r(0,32)=*(4,9)
535    RSYM   0      0      00000002 4319   eip:r(4,9)
536    LBRAC  0      0      00000000 0      
537    RSYM   0      0      00000000 4285   ebp:r(4,9)
538    LBRAC  0      0      00000024 0      
539    RBRAC  0      0      00000028 0      
540    RBRAC  0      0      00000065 0      
541    FUN    0      0      f0100925 4330   monitor:F(0,25)
542    PSYM   0      0      00000008 4253   tf:p(0,30)
543    SLINE  0      138    00000000 0      
544    SLINE  0      141    00000018 0      
545    SLINE  0      142    00000024 0      
546    SLINE  0      109    00000035 0      
547    SLINE  0      109    00000052 0      
548    SLINE  0      110    00000059 0      
549    SLINE  0      110    0000005f 0      
550    SLINE  0      109    00000065 0      
551    SLINE  0      109    00000068 0      
552    SLINE  0      123    0000006c 0      
553    SLINE  0      126    00000074 0      
554    SLINE  0      128    00000082 0      
555    SLINE  0      129    0000008c 0      
556    SLINE  0      129    00000099 0      
557    SLINE  0      128    000000a4 0      
558    SLINE  0      128    000000aa 0      
559    SLINE  0      132    000000af 0      
560    SLINE  0      133    000000c1 0      
561    SLINE  0      111    000000c6 0      
562    SLINE  0      115    000000cb 0      
563    SLINE  0      119    000000d0 0      
564    SLINE  0      119    000000d6 0      
565    SLINE  0      120    000000da 0      
566    SLINE  0      120    000000dd 0      
567    SLINE  0      120    000000e1 0      
568    SLINE  0      120    000000f0 0      
569    SLINE  0      121    000000fb 0      
570    SLINE  0      116    00000100 0      
571    SLINE  0      117    00000111 0      
572    SLINE  0      146    00000114 0      
573    SLINE  0      147    00000123 0      
574    SLINE  0      106    0000012c 0      
575    SLINE  0      105    00000133 0      
576    SLINE  0      130    00000142 0      
577    SLINE  0      130    00000145 0      
578    SLINE  0      130    00000148 0      
579    SLINE  0      148    00000157 0      
580    SLINE  0      151    0000015e 0      
581    RSYM   0      0      00000006 4346   buf:r(2,2)
582    LBRAC  0      0      00000000 0      
583    LSYM   0      0      ffffffb8 4357   argv:(0,33)=ar(0,34)=r(0,34);0;4294967295;;0;15;(2,2)
584    LBRAC  0      0      00000035 0      
585    RBRAC  0      0      00000114 0      
586    LSYM   0      0      ffffffb8 4411   argv:(0,33)
587    LBRAC  0      0      0000012c 0      
588    RBRAC  0      0      00000157 0      
589    RBRAC  0      0      00000166 0      
590    STSYM  0      0      f0114020 4423   commands:S(0,35)=ar(0,34);0;2;(0,26)
591    SO     0      0      f0100a8b 0      
592    SO     0      2      f0100a8b 4460   kern/printf.c
593    OPT    0      0      00000000 49     gcc2_compiled.
594    LSYM   0      0      00000000 64     int:t(0,1)=r(0,1);-2147483648;2147483647;
595    LSYM   0      0      00000000 106    char:t(0,2)=r(0,2);0;127;
596    LSYM   0      0      00000000 132    long int:t(0,3)=r(0,3);-2147483648;2147483647;
597    LSYM   0      0      00000000 179    unsigned int:t(0,4)=r(0,4);0;4294967295;
598    LSYM   0      0      00000000 220    long unsigned int:t(0,5)=r(0,5);0;4294967295;
599    LSYM   0      0      00000000 266    __int128:t(0,6)=r(0,6);0;-1;
600    LSYM   0      0      00000000 295    __int128 unsigned:t(0,7)=r(0,7);0;-1;
601    LSYM   0      0      00000000 333    long long int:t(0,8)=r(0,8);-9223372036854775808;9223372036854775807;
602    LSYM   0      0      00000000 403    long long unsigned int:t(0,9)=r(0,9);0;-1;
603    LSYM   0      0      00000000 446    short int:t(0,10)=r(0,10);-32768;32767;
604    LSYM   0      0      00000000 486    short unsigned int:t(0,11)=r(0,11);0;65535;
605    LSYM   0      0      00000000 530    signed char:t(0,12)=r(0,12);-128;127;
606    LSYM   0      0      00000000 568    unsigned char:t(0,13)=r(0,13);0;255;
607    LSYM   0      0      00000000 605    float:t(0,14)=r(0,1);4;0;
608    LSYM   0      0      00000000 631    double:t(0,15)=r(0,1);8;0;
609    LSYM   0      0      00000000 658    long double:t(0,16)=r(0,1);12;0;
610    LSYM   0      0      00000000 691    _Float32:t(0,17)=r(0,1);4;0;
611    LSYM   0      0      00000000 720    _Float64:t(0,18)=r(0,1);8;0;
612    LSYM   0      0      00000000 749    _Float128:t(0,19)=r(0,1);16;0;
613    LSYM   0      0      00000000 780    _Float32x:t(0,20)=r(0,1);8;0;
614    LSYM   0      0      00000000 810    _Float64x:t(0,21)=r(0,1);12;0;
615    LSYM   0      0      00000000 841    _Decimal32:t(0,22)=r(0,1);4;0;
616    LSYM   0      0      00000000 872    _Decimal64:t(0,23)=r(0,1);8;0;
617    LSYM   0      0      00000000 903    _Decimal128:t(0,24)=r(0,1);16;0;
618    LSYM   0      0      00000000 936    void:t(0,25)=(0,25)
619    EXCL   0      0      000060d4 968    ./inc/types.h
620    EXCL   0      0      00000000 2901   ./inc/stdio.h
621    EXCL   0      0      00000650 2915   ./inc/stdarg.h
622    FUN    0      0      f0100a8b 4474   putch:f(0,25)
623    PSYM   0      0      00000008 4488   ch:p(0,1)
624    PSYM   0      0      0000000c 4498   cnt:p(0,26)=*(0,1)
625    SLINE  0      11     00000000 0      
626    SLINE  0      12     00000016 0      
627    SLINE  0      14     0000001e 0      
628    FUN    0      0      f0100ab1 4517   vcprintf:F(0,1)
629    PSYM   0      0      00000008 4533   fmt:p(0,27)=*(0,2)
630    PSYM   0      0      0000000c 4552   ap:p(3,1)
631    SLINE  0      18     00000000 0      
632    SLINE  0      19     00000016 0      
633    SLINE  0      21     0000001d 0      
634    SLINE  0      23     00000033 0      
635    LSYM   0      0      fffffff4 4562   cnt:(0,1)
636    LBRAC  0      0      00000000 0      
637    RBRAC  0      0      0000003b 0      
638    FUN    0      0      f0100aec 4572   cprintf:F(0,1)
639    PSYM   0      0      00000008 4587   fmt:p(0,27)
640    SLINE  0      27     00000000 0      
641    SLINE  0      31     0000000a 0      
642    SLINE  0      32     0000000d 0      
643    SLINE  0      36     00000016 0      
644    RSYM   0      0      00000000 4599   cnt:r(0,1)
645    LBRAC  0      0      00000000 0      
646    RBRAC  0      0      00000018 0      
647    SO     0      0      f0100b04 0      
648    SO     0      2      f0100b04 4610   kern/kdebug.c
649    OPT    0      0      00000000 49     gcc2_compiled.
650    LSYM   0      0      00000000 64     int:t(0,1)=r(0,1);-2147483648;2147483647;
651    LSYM   0      0      00000000 106    char:t(0,2)=r(0,2);0;127;
652    LSYM   0      0      00000000 132    long int:t(0,3)=r(0,3);-2147483648;2147483647;
653    LSYM   0      0      00000000 179    unsigned int:t(0,4)=r(0,4);0;4294967295;
654    LSYM   0      0      00000000 220    long unsigned int:t(0,5)=r(0,5);0;4294967295;
655    LSYM   0      0      00000000 266    __int128:t(0,6)=r(0,6);0;-1;
656    LSYM   0      0      00000000 295    __int128 unsigned:t(0,7)=r(0,7);0;-1;
657    LSYM   0      0      00000000 333    long long int:t(0,8)=r(0,8);-9223372036854775808;9223372036854775807;
658    LSYM   0      0      00000000 403    long long unsigned int:t(0,9)=r(0,9);0;-1;
659    LSYM   0      0      00000000 446    short int:t(0,10)=r(0,10);-32768;32767;
660    LSYM   0      0      00000000 486    short unsigned int:t(0,11)=r(0,11);0;65535;
661    LSYM   0      0      00000000 530    signed char:t(0,12)=r(0,12);-128;127;
662    LSYM   0      0      00000000 568    unsigned char:t(0,13)=r(0,13);0;255;
663    LSYM   0      0      00000000 605    float:t(0,14)=r(0,1);4;0;
664    LSYM   0      0      00000000 631    double:t(0,15)=r(0,1);8;0;
665    LSYM   0      0      00000000 658    long double:t(0,16)=r(0,1);12;0;
666    LSYM   0      0      00000000 691    _Float32:t(0,17)=r(0,1);4;0;
667    LSYM   0      0      00000000 720    _Float64:t(0,18)=r(0,1);8;0;
668    LSYM   0      0      00000000 749    _Float128:t(0,19)=r(0,1);16;0;
669    LSYM   0      0      00000000 780    _Float32x:t(0,20)=r(0,1);8;0;
670    LSYM   0      0      00000000 810    _Float64x:t(0,21)=r(0,1);12;0;
671    LSYM   0      0      00000000 841    _Decimal32:t(0,22)=r(0,1);4;0;
672    LSYM   0      0      00000000 872    _Decimal64:t(0,23)=r(0,1);8;0;
673    LSYM   0      0      00000000 903    _Decimal128:t(0,24)=r(0,1);16;0;
674    LSYM   0      0      00000000 936    void:t(0,25)=(0,25)
675    BINCL  0      0      00001ca6 4624   ./inc/stab.h
676    EXCL   0      0      000060d4 968    ./inc/types.h
677    LSYM   0      0      00000000 4637   Stab:T(1,1)=s12n_strx:(2,9),0,32;n_type:(2,5),32,8;n_other:(2,5),40,8;n_desc:(2,7),48,16;n_value:(2,13),64,32;;
678    EINCL  0      0      00000000 0      
679    EXCL   0      0      000008c7 2725   ./inc/memlayout.h
680    EXCL   0      0      000159c2 956    ./inc/mmu.h
681    EXCL   0      0      00000000 3174   ./inc/assert.h
682    EXCL   0      0      00000000 2901   ./inc/stdio.h
683    EXCL   0      0      00000650 2915   ./inc/stdarg.h
684    EXCL   0      0      0000300f 3862   ./kern/kdebug.h
685    FUN    0      0      f0100b04 4749   stab_binsearch:f(0,25)
686    RSYM   0      0      00000000 4772   stabs:P(0,26)=*(1,1)
687    RSYM   0      0      00000002 4793   region_left:P(0,27)=*(0,1)
688    RSYM   0      0      00000001 4820   region_right:P(0,27)
689    PSYM   0      0      00000008 4841   type:p(0,1)
690    PSYM   0      0      0000000c 4853   addr:p(2,13)
691    SLINE  0      53     00000000 0      
692    SLINE  0      54     00000015 0      
693    SLINE  0      54     00000017 0      
694    SLINE  0      54     0000001c 0      
695    SLINE  0      56     00000023 0      
696    SLINE  0      63     00000025 0      
697    SLINE  0      64     00000028 0      
698    SLINE  0      69     0000002a 0      
699    SLINE  0      69     00000034 0      
700    SLINE  0      70     00000039 0      
701    SLINE  0      71     0000003e 0      
702    SLINE  0      68     00000041 0      
703    SLINE  0      56     00000048 0      
704    SLINE  0      57     0000004d 0      
705    SLINE  0      57     00000053 0      
706    SLINE  0      57     0000006a 0      
707    SLINE  0      60     0000006c 0      
708    SLINE  0      60     00000070 0      
709    SLINE  0      60     00000076 0      
710    SLINE  0      61     0000007a 0      
711    SLINE  0      72     0000007f 0      
712    SLINE  0      73     00000084 0      
713    SLINE  0      73     0000008a 0      
714    SLINE  0      68     0000008f 0      
715    SLINE  0      78     00000098 0      
716    SLINE  0      80     0000009d 0      
717    SLINE  0      68     000000a3 0      
718    SLINE  0      84     000000ac 0      
719    SLINE  0      85     000000b2 0      
720    SLINE  0      85     000000ba 0      
721    SLINE  0      94     000000bf 0      
722    SLINE  0      88     000000c7 0      
723    SLINE  0      89     000000cc 0      
724    SLINE  0      88     000000db 0      
725    SLINE  0      90     000000dd 0      
726    SLINE  0      88     000000e0 0      
727    SLINE  0      89     000000e4 0      
728    SLINE  0      89     000000ea 0      
729    SLINE  0      92     000000ee 0      
730    SLINE  0      94     000000f3 0      
731    RSYM   0      0      00000006 4866   type:r(0,1)
732    RSYM   0      0      00000000 4878   m:r(0,1)
733    LBRAC  0      0      00000025 0      
734    RBRAC  0      0      00000048 0      
735    RSYM   0      0      00000000 4878   m:r(0,1)
736    LBRAC  0      0      0000004d 0      
737    RBRAC  0      0      000000ac 0      
738    FUN    0      0      f0100bf9 4887   debuginfo_eip:F(0,1)
739    PSYM   0      0      00000008 4853   addr:p(2,13)
740    PSYM   0      0      0000000c 4908   info:p(0,28)=*(8,1)
741    SLINE  0      106    00000000 0      
742    SLINE  0      112    00000021 0      
743    SLINE  0      113    00000029 0      
744    SLINE  0      114    00000030 0      
745    SLINE  0      115    00000033 0      
746    SLINE  0      116    0000003a 0      
747    SLINE  0      117    0000003d 0      
748    SLINE  0      120    00000044 0      
749    SLINE  0      131    00000050 0      
750    SLINE  0      131    00000062 0      
751    SLINE  0      131    0000006b 0      
752    SLINE  0      140    00000075 0      
753    SLINE  0      141    0000007c 0      
754    SLINE  0      141    00000093 0      
755    SLINE  0      142    00000099 0      
756    SLINE  0      143    000000aa 0      
757    SLINE  0      143    000000ad 0      
758    SLINE  0      148    000000b8 0      
759    SLINE  0      149    000000bb 0      
760    SLINE  0      150    000000c1 0      
761    SLINE  0      152    000000d8 0      
762    SLINE  0      152    000000e1 0      
763    SLINE  0      155    000000ec 0      
764    SLINE  0      155    000000f8 0      
765    SLINE  0      155    000000fd 0      
766    SLINE  0      155    0000010c 0      
767    SLINE  0      156    00000113 0      
768    SLINE  0      157    0000011f 0      
769    SLINE  0      157    00000122 0      
770    SLINE  0      158    00000125 0      
771    SLINE  0      160    00000127 0      
772    SLINE  0      161    0000012a 0      
773    SLINE  0      170    00000130 0      
774    SLINE  0      170    00000140 0      
775    SLINE  0      170    00000143 0      
776    SLINE  0      182    00000146 0      
777    SLINE  0      196    0000015f 0      
778    SLINE  0      196    0000016c 0      
779    SLINE  0      127    00000171 0      
780    SLINE  0      165    0000018c 0      
781    SLINE  0      166    0000018f 0      
782    SLINE  0      167    00000195 0      
783    SLINE  0      196    000001a3 0      
784    SLINE  0      197    000001a7 0      
785    SLINE  0      197    000001aa 0      
786    SLINE  0      198    000001af 0      
787    SLINE  0      198    000001b4 0      
788    SLINE  0      200    000001ba 0      
789    SLINE  0      200    000001c9 0      
790    SLINE  0      200    000001d5 0      
791    SLINE  0      201    000001d9 0      
792    SLINE  0      206    000001e1 0      
793    SLINE  0      212    000001e7 0      
794    SLINE  0      206    000001ec 0      
795    SLINE  0      207    000001f0 0      
796    SLINE  0      207    00000203 0      
797    SLINE  0      210    00000205 0      
798    SLINE  0      207    00000209 0      
799    SLINE  0      208    0000020d 0      
800    SLINE  0      208    00000216 0      
801    SLINE  0      212    0000021b 0      
802    SLINE  0      132    00000222 0      
803    SLINE  0      144    00000230 0      
804    SLINE  0      212    00000237 0      
805    SLINE  0      213    0000023c 0      
806    LSYM   0      0      fffffff4 4928   lfile:(0,1)
807    LSYM   0      0      fffffff0 4940   rfile:(0,1)
808    LSYM   0      0      ffffffec 4952   lfun:(0,1)
809    LSYM   0      0      ffffffe8 4963   rfun:(0,1)
810    LSYM   0      0      ffffffe4 4974   lline:(0,1)
811    LSYM   0      0      ffffffe0 4986   rline:(0,1)
812    RSYM   0      0      00000007 4998   addr:r(2,13)
813    RSYM   0      0      00000006 5011   info:r(0,28)
814    LBRAC  0      0      00000000 0      
815    RBRAC  0      0      00000244 0      
816    SO     0      0      f0100e3d 0      
817    SO     0      2      f0100e3d 5024   lib/printfmt.c
818    OPT    0      0      00000000 49     gcc2_compiled.
819    LSYM   0      0      00000000 64     int:t(0,1)=r(0,1);-2147483648;2147483647;
820    LSYM   0      0      00000000 106    char:t(0,2)=r(0,2);0;127;
821    LSYM   0      0      00000000 132    long int:t(0,3)=r(0,3);-2147483648;2147483647;
822    LSYM   0      0      00000000 179    unsigned int:t(0,4)=r(0,4);0;4294967295;
823    LSYM   0      0      00000000 220    long unsigned int:t(0,5)=r(0,5);0;4294967295;
824    LSYM   0      0      00000000 266    __int128:t(0,6)=r(0,6);0;-1;
825    LSYM   0      0      00000000 295    __int128 unsigned:t(0,7)=r(0,7);0;-1;
826    LSYM   0      0      00000000 333    long long int:t(0,8)=r(0,8);-9223372036854775808;9223372036854775807;
827    LSYM   0      0      00000000 403    long long unsigned int:t(0,9)=r(0,9);0;-1;
828    LSYM   0      0      00000000 446    short int:t(0,10)=r(0,10);-32768;32767;
829    LSYM   0      0      00000000 486    short unsigned int:t(0,11)=r(0,11);0;65535;
830    LSYM   0      0      00000000 530    signed char:t(0,12)=r(0,12);-128;127;
831    LSYM   0      0      00000000 568    unsigned char:t(0,13)=r(0,13);0;255;
832    LSYM   0      0      00000000 605    float:t(0,14)=r(0,1);4;0;
833    LSYM   0      0      00000000 631    double:t(0,15)=r(0,1);8;0;
834    LSYM   0      0      00000000 658    long double:t(0,16)=r(0,1);12;0;
835    LSYM   0      0      00000000 691    _Float32:t(0,17)=r(0,1);4;0;
836    LSYM   0      0      00000000 720    _Float64:t(0,18)=r(0,1);8;0;
837    LSYM   0      0      00000000 749    _Float128:t(0,19)=r(0,1);16;0;
838    LSYM   0      0      00000000 780    _Float32x:t(0,20)=r(0,1);8;0;
839    LSYM   0      0      00000000 810    _Float64x:t(0,21)=r(0,1);12;0;
840    LSYM   0      0      00000000 841    _Decimal32:t(0,22)=r(0,1);4;0;
841    LSYM   0      0      00000000 872    _Decimal64:t(0,23)=r(0,1);8;0;
842    LSYM   0      0      00000000 903    _Decimal128:t(0,24)=r(0,1);16;0;
843    LSYM   0      0      00000000 936    void:t(0,25)=(0,25)
844    EXCL   0      0      000060d4 968    ./inc/types.h
845    EXCL   0      0      00000000 2901   ./inc/stdio.h
846    EXCL   0      0      00000650 2915   ./inc/stdarg.h
847    BINCL  0      0      00001a2c 5039   ./inc/error.h
848    LSYM   0      0      00000000 5053    :T(4,1)=eE_UNSPECIFIED:1,E_BAD_ENV:2,E_INVAL:3,E_NO_MEM:4,E_NO_FREE_ENV:5,E_FAULT:6,MAXERROR:7,;
849    EINCL  0      0      00000000 0      
850    LSYM   0      0      00000000 5151   sprintbuf:T(0,26)=s12buf:(3,2),0,32;ebuf:(3,2),32,32;cnt:(0,1),64,32;;
851    FUN    0      0      f0100e3d 5222   printnum:f(0,25)
852    RSYM   0      0      00000007 5239   putch:P(0,27)=*(0,28)=f(0,25)
853    RSYM   0      0      00000006 5269   putdat:P(0,29)=*(0,25)
854    PSYM   0      0      00000008 5292   num:p(0,9)
855    PSYM   0      0      00000010 5303   base:p(0,4)
856    PSYM   0      0      00000014 5315   width:p(0,1)
857    PSYM   0      0      00000018 5328   padc:p(0,1)
858    SLINE  0      38     00000000 0      
859    SLINE  0      40     00000031 0      
860    SLINE  0      40     0000003b 0      
861    SLINE  0      41     00000042 0      
862    SLINE  0      45     00000077 0      
863    SLINE  0      44     00000083 0      
864    SLINE  0      49     0000008a 0      
865    SLINE  0      49     0000008e 0      
866    SLINE  0      49     000000a8 0      
867    SLINE  0      50     000000b3 0      
868    RSYM   0      0      00000000 5340   base:r(0,4)
869    RSYM   0      0      00000003 5352   width:r(0,1)
870    FUN    0      0      f0100efb 5365   sprintputch:f(0,25)
871    PSYM   0      0      00000008 4488   ch:p(0,1)
872    PSYM   0      0      0000000c 5385   b:p(0,30)=*(0,26)
873    SLINE  0      268    00000000 0      
874    SLINE  0      269    0000000a 0      
875    SLINE  0      270    0000000e 0      
876    SLINE  0      270    00000010 0      
877    SLINE  0      271    00000015 0      
878    SLINE  0      271    0000001a 0      
879    SLINE  0      272    0000001f 0      
880    RSYM   0      0      00000000 5403   ch:r(0,1)
881    RSYM   0      0      00000000 5413   b:r(0,30)
882    FUN    0      0      f0100f1c 5423   printfmt:F(0,25)
883    PSYM   0      0      00000008 5440   putch:p(0,27)
884    PSYM   0      0      0000000c 5454   putdat:p(0,29)
885    PSYM   0      0      00000010 5469   fmt:p(0,31)=*(0,2)
886    SLINE  0      252    00000000 0      
887    SLINE  0      255    0000000a 0      
888    SLINE  0      256    0000000d 0      
889    SLINE  0      258    0000001c 0      
890    FUN    0      0      f0100f3d 5488   vprintfmt:F(0,25)
891    PSYM   0      0      00000008 5440   putch:p(0,27)
892    PSYM   0      0      0000000c 5454   putdat:p(0,29)
893    PSYM   0      0      00000010 5506   fmt:p(0,31)
894    PSYM   0      0      00000014 4552   ap:p(3,1)
895    SLINE  0      84     00000000 0      
896    SLINE  0      168    00000023 0      
897    SLINE  0      99     00000031 0      
898    SLINE  0      103    00000035 0      
899    SLINE  0      101    0000003c 0      
900    SLINE  0      100    00000043 0      
901    SLINE  0      102    0000004a 0      
902    SLINE  0      105    00000055 0      
903    SLINE  0      105    0000005b 0      
904    SLINE  0      105    0000007b 0      
905    SLINE  0      109    0000007e 0      
906    SLINE  0      105    00000084 0      
907    SLINE  0      105    0000008d 0      
908    SLINE  0      105    00000090 0      
909    SLINE  0      127    00000093 0      
910    SLINE  0      128    0000009b 0      
911    SLINE  0      128    0000009e 0      
912    SLINE  0      129    000000a2 0      
913    SLINE  0      130    000000a5 0      
914    SLINE  0      130    000000a8 0      
915    SLINE  0      127    000000ad 0      
916    SLINE  0      128    000000b0 0      
917    SLINE  0      136    000000b2 0      
918    SLINE  0      105    000000c3 0      
919    SLINE  0      149    000000c6 0      
920    SLINE  0      150    000000cc 0      
921    SLINE  0      150    000000d2 0      
922    SLINE  0      105    000000ee 0      
923    SLINE  0      142    000000f1 0      
924    SLINE  0      105    000000f6 0      
925    SLINE  0      145    000000f9 0      
926    SLINE  0      146    00000100 0      
927    SLINE  0      155    0000010d 0      
928    SLINE  0      105    00000111 0      
929    SLINE  0      156    00000114 0      
930    SLINE  0      160    0000011c 0      
931    SLINE  0      161    0000012a 0      
932    SLINE  0      160    0000012d 0      
933    SLINE  0      161    00000130 0      
934    SLINE  0      165    00000138 0      
935    SLINE  0      168    00000145 0      
936    SLINE  0      168    0000014a 0      
937    SLINE  0      168    00000150 0      
938    SLINE  0      171    00000154 0      
939    SLINE  0      165    00000169 0      
940    SLINE  0      169    00000171 0      
941    SLINE  0      165    00000186 0      
942    SLINE  0      169    00000189 0      
943    SLINE  0      176    00000191 0      
944    SLINE  0      177    0000019f 0      
945    SLINE  0      178    000001b0 0      
946    SLINE  0      179    000001bc 0      
947    SLINE  0      179    000001c9 0      
948    SLINE  0      179    000001da 0      
949    SLINE  0      179    000001e2 0      
950    SLINE  0      179    000001e5 0      
951    SLINE  0      180    000001e7 0      
952    SLINE  0      179    000001ee 0      
953    SLINE  0      180    000001f2 0      
954    SLINE  0      179    000001fb 0      
955    SLINE  0      185    00000217 0      
956    SLINE  0      181    00000226 0      
957    SLINE  0      181    00000229 0      
958    SLINE  0      181    0000022d 0      
959    SLINE  0      181    00000230 0      
960    SLINE  0      181    00000234 0      
961    SLINE  0      181    0000023a 0      
962    SLINE  0      182    00000240 0      
963    SLINE  0      182    00000246 0      
964    SLINE  0      182    0000024c 0      
965    SLINE  0      183    00000251 0      
966    SLINE  0      187    00000262 0      
967    SLINE  0      186    0000026a 0      
968    SLINE  0      186    00000270 0      
969    SLINE  0      176    00000274 0      
970    SLINE  0      70     00000289 0      
971    SLINE  0      72     0000028e 0      
972    SLINE  0      73     00000292 0      
973    SLINE  0      71     000002a9 0      
974    SLINE  0      193    000002c0 0      
975    SLINE  0      197    000002c6 0      
976    SLINE  0      193    000002cb 0      
977    SLINE  0      194    000002d3 0      
978    SLINE  0      195    000002db 0      
979    SLINE  0      195    000002e8 0      
980    SLINE  0      197    000002eb 0      
981    SLINE  0      75     000002f5 0      
982    SLINE  0      57     00000312 0      
983    SLINE  0      59     00000317 0      
984    SLINE  0      60     0000031b 0      
985    SLINE  0      203    0000032b 0      
986    SLINE  0      60     00000330 0      
987    SLINE  0      58     00000335 0      
988    SLINE  0      203    00000343 0      
989    SLINE  0      58     00000348 0      
990    SLINE  0      62     0000034d 0      
991    SLINE  0      203    0000035d 0      
992    SLINE  0      62     00000362 0      
993    SLINE  0      57     0000036a 0      
994    SLINE  0      59     0000036f 0      
995    SLINE  0      60     00000373 0      
996    SLINE  0      215    00000383 0      
997    SLINE  0      60     00000388 0      
998    SLINE  0      58     0000038a 0      
999    SLINE  0      215    00000398 0      
1000   SLINE  0      58     0000039d 0      
1001   SLINE  0      62     0000039f 0      
1002   SLINE  0      215    000003af 0      
1003   SLINE  0      62     000003b4 0      
1004   SLINE  0      220    000003b9 0      
1005   SLINE  0      221    000003c1 0      
1006   SLINE  0      222    000003c9 0      
1007   SLINE  0      225    000003d3 0      
1008   SLINE  0      223    000003d6 0      
1009   SLINE  0      224    000003dc 0      
1010   SLINE  0      232    000003e1 0      
1011   SLINE  0      233    000003f8 0      
1012   SLINE  0      176    000003fb 0      
1013   SLINE  0      92     000003fe 0      
1014   SLINE  0      92     00000401 0      
1015   SLINE  0      92     00000405 0      
1016   SLINE  0      93     0000040e 0      
1017   SLINE  0      95     00000416 0      
1018   SLINE  0      57     00000428 0      
1019   SLINE  0      59     0000042d 0      
1020   SLINE  0      60     00000431 0      
1021   SLINE  0      230    00000441 0      
1022   SLINE  0      60     00000446 0      
1023   SLINE  0      58     00000448 0      
1024   SLINE  0      230    00000456 0      
1025   SLINE  0      58     0000045b 0      
1026   SLINE  0      62     0000045d 0      
1027   SLINE  0      230    0000046d 0      
1028   SLINE  0      62     00000472 0      
1029   SLINE  0      237    0000047a 0      
1030   SLINE  0      238    00000482 0      
1031   SLINE  0      242    0000048d 0      
1032   SLINE  0      243    00000495 0      
1033   SLINE  0      243    0000049a 0      
1034   SLINE  0      243    000004a0 0      
1035   SLINE  0      248    000004ad 0      
1036   RSYM   0      0      00000002 5518   num:r(0,9)
1037   RSYM   0      0      00000000 5529   base:r(0,1)
1038   RSYM   0      0      00000001 5541   lflag:r(0,1)
1039   RSYM   0      0      00000006 5554   putch:r(0,27)
1040   RSYM   0      0      00000007 5568   putdat:r(0,29)
1041   RSYM   0      0      00000003 5583   fmt:r(0,31)
1042   LBRAC  0      0      00000000 0      
1043   RBRAC  0      0      000004b5 0      
1044   FUN    0      0      f01013f2 5595   vsnprintf:F(0,1)
1045   PSYM   0      0      00000008 5612   buf:p(3,2)
1046   PSYM   0      0      0000000c 5623   n:p(0,1)
1047   PSYM   0      0      00000010 5506   fmt:p(0,31)
1048   PSYM   0      0      00000014 4552   ap:p(3,1)
1049   SLINE  0      276    00000000 0      
1050   SLINE  0      277    0000001c 0      
1051   SLINE  0      277    0000001f 0      
1052   SLINE  0      277    00000026 0      
1053   SLINE  0      279    0000002d 0      
1054   SLINE  0      283    00000035 0      
1055   SLINE  0      286    0000004b 0      
1056   SLINE  0      286    0000004e 0      
1057   SLINE  0      288    00000051 0      
1058   SLINE  0      289    00000057 0      
1059   SLINE  0      280    0000005c 0      
1060   LSYM   0      0      ffffffec 5632   b:(0,26)
1061   RSYM   0      0      00000000 5641   buf:r(3,2)
1062   RSYM   0      0      00000002 5652   n:r(0,1)
1063   LBRAC  0      0      00000000 0      
1064   RBRAC  0      0      00000063 0      
1065   FUN    0      0      f0101455 5661   snprintf:F(0,1)
1066   PSYM   0      0      00000008 5612   buf:p(3,2)
1067   PSYM   0      0      0000000c 5623   n:p(0,1)
1068   PSYM   0      0      00000010 5506   fmt:p(0,31)
1069   SLINE  0      293    00000000 0      
1070   SLINE  0      297    0000000a 0      
1071   SLINE  0      298    0000000d 0      
1072   SLINE  0      302    0000001c 0      
1073   RSYM   0      0      00000000 5677   rc:r(0,1)
1074   LBRAC  0      0      00000000 0      
1075   RBRAC  0      0      0000001e 0      
1076   STSYM  0      0      f0114044 5687   error_string:S(0,32)=ar(0,33)=r(0,33);0;4294967295;;0;6;(0,31)
1077   SO     0      0      f0101473 0      
1078   SO     0      2      f0101477 5750   lib/readline.c
1079   OPT    0      0      00000000 49     gcc2_compiled.
1080   LSYM   0      0      00000000 64     int:t(0,1)=r(0,1);-2147483648;2147483647;
1081   LSYM   0      0      00000000 106    char:t(0,2)=r(0,2);0;127;
1082   LSYM   0      0      00000000 132    long int:t(0,3)=r(0,3);-2147483648;2147483647;
1083   LSYM   0      0      00000000 179    unsigned int:t(0,4)=r(0,4);0;4294967295;
1084   LSYM   0      0      00000000 220    long unsigned int:t(0,5)=r(0,5);0;4294967295;
1085   LSYM   0      0      00000000 266    __int128:t(0,6)=r(0,6);0;-1;
1086   LSYM   0      0      00000000 295    __int128 unsigned:t(0,7)=r(0,7);0;-1;
1087   LSYM   0      0      00000000 333    long long int:t(0,8)=r(0,8);-9223372036854775808;9223372036854775807;
1088   LSYM   0      0      00000000 403    long long unsigned int:t(0,9)=r(0,9);0;-1;
1089   LSYM   0      0      00000000 446    short int:t(0,10)=r(0,10);-32768;32767;
1090   LSYM   0      0      00000000 486    short unsigned int:t(0,11)=r(0,11);0;65535;
1091   LSYM   0      0      00000000 530    signed char:t(0,12)=r(0,12);-128;127;
1092   LSYM   0      0      00000000 568    unsigned char:t(0,13)=r(0,13);0;255;
1093   LSYM   0      0      00000000 605    float:t(0,14)=r(0,1);4;0;
1094   LSYM   0      0      00000000 631    double:t(0,15)=r(0,1);8;0;
1095   LSYM   0      0      00000000 658    long double:t(0,16)=r(0,1);12;0;
1096   LSYM   0      0      00000000 691    _Float32:t(0,17)=r(0,1);4;0;
1097   LSYM   0      0      00000000 720    _Float64:t(0,18)=r(0,1);8;0;
1098   LSYM   0      0      00000000 749    _Float128:t(0,19)=r(0,1);16;0;
1099   LSYM   0      0      00000000 780    _Float32x:t(0,20)=r(0,1);8;0;
1100   LSYM   0      0      00000000 810    _Float64x:t(0,21)=r(0,1);12;0;
1101   LSYM   0      0      00000000 841    _Decimal32:t(0,22)=r(0,1);4;0;
1102   LSYM   0      0      00000000 872    _Decimal64:t(0,23)=r(0,1);8;0;
1103   LSYM   0      0      00000000 903    _Decimal128:t(0,24)=r(0,1);16;0;
1104   LSYM   0      0      00000000 936    void:t(0,25)=(0,25)
1105   EXCL   0      0      00000000 2901   ./inc/stdio.h
1106   EXCL   0      0      00000650 2915   ./inc/stdarg.h
1107   EXCL   0      0      00001a2c 5039   ./inc/error.h
1108   FUN    0      0      f0101477 5765   readline:F(2,2)
1109   PSYM   0      0      00000008 5781   prompt:p(0,26)=*(0,2)
1110   SLINE  0      9      00000000 0      
1111   SLINE  0      12     0000001b 0      
1112   SLINE  0      13     0000001f 0      
1113   SLINE  0      16     00000032 0      
1114   SLINE  0      15     00000042 0      
1115   SLINE  0      29     00000047 0      
1116   SLINE  0      20     00000052 0      
1117   SLINE  0      21     00000062 0      
1118   SLINE  0      37     0000006a 0      
1119   SLINE  0      23     00000072 0      
1120   SLINE  0      25     00000078 0      
1121   SLINE  0      24     0000007d 0      
1122   SLINE  0      28     0000008c 0      
1123   SLINE  0      29     00000098 0      
1124   SLINE  0      29     000000a0 0      
1125   SLINE  0      18     000000a3 0      
1126   SLINE  0      19     000000aa 0      
1127   SLINE  0      22     000000ae 0      
1128   SLINE  0      22     000000b4 0      
1129   SLINE  0      22     000000ba 0      
1130   SLINE  0      26     000000c2 0      
1131   SLINE  0      27     000000cf 0      
1132   SLINE  0      30     000000d7 0      
1133   SLINE  0      31     000000e1 0      
1134   SLINE  0      33     000000e7 0      
1135   SLINE  0      34     000000ef 0      
1136   SLINE  0      32     000000fa 0      
1137   RSYM   0      0      00000006 3259   c:r(0,1)
1138   RSYM   0      0      00000000 5803   prompt:r(0,26)
1139   LBRAC  0      0      00000000 0      
1140   RBRAC  0      0      00000109 0      
1141   LCSYM  0      0      f01142a0 5818   buf:S(0,27)=ar(0,28)=r(0,28);0;4294967295;;0;1023;(0,2)
1142   SO     0      0      f0101580 0      
1143   SO     0      2      f0101580 5874   lib/string.c
1144   OPT    0      0      00000000 49     gcc2_compiled.
1145   LSYM   0      0      00000000 64     int:t(0,1)=r(0,1);-2147483648;2147483647;
1146   LSYM   0      0      00000000 106    char:t(0,2)=r(0,2);0;127;
1147   LSYM   0      0      00000000 132    long int:t(0,3)=r(0,3);-2147483648;2147483647;
1148   LSYM   0      0      00000000 179    unsigned int:t(0,4)=r(0,4);0;4294967295;
1149   LSYM   0      0      00000000 220    long unsigned int:t(0,5)=r(0,5);0;4294967295;
1150   LSYM   0      0      00000000 266    __int128:t(0,6)=r(0,6);0;-1;
1151   LSYM   0      0      00000000 295    __int128 unsigned:t(0,7)=r(0,7);0;-1;
1152   LSYM   0      0      00000000 333    long long int:t(0,8)=r(0,8);-9223372036854775808;9223372036854775807;
1153   LSYM   0      0      00000000 403    long long unsigned int:t(0,9)=r(0,9);0;-1;
1154   LSYM   0      0      00000000 446    short int:t(0,10)=r(0,10);-32768;32767;
1155   LSYM   0      0      00000000 486    short unsigned int:t(0,11)=r(0,11);0;65535;
1156   LSYM   0      0      00000000 530    signed char:t(0,12)=r(0,12);-128;127;
1157   LSYM   0      0      00000000 568    unsigned char:t(0,13)=r(0,13);0;255;
1158   LSYM   0      0      00000000 605    float:t(0,14)=r(0,1);4;0;
1159   LSYM   0      0      00000000 631    double:t(0,15)=r(0,1);8;0;
1160   LSYM   0      0      00000000 658    long double:t(0,16)=r(0,1);12;0;
1161   LSYM   0      0      00000000 691    _Float32:t(0,17)=r(0,1);4;0;
1162   LSYM   0      0      00000000 720    _Float64:t(0,18)=r(0,1);8;0;
1163   LSYM   0      0      00000000 749    _Float128:t(0,19)=r(0,1);16;0;
1164   LSYM   0      0      00000000 780    _Float32x:t(0,20)=r(0,1);8;0;
1165   LSYM   0      0      00000000 810    _Float64x:t(0,21)=r(0,1);12;0;
1166   LSYM   0      0      00000000 841    _Decimal32:t(0,22)=r(0,1);4;0;
1167   LSYM   0      0      00000000 872    _Decimal64:t(0,23)=r(0,1);8;0;
1168   LSYM   0      0      00000000 903    _Decimal128:t(0,24)=r(0,1);16;0;
1169   LSYM   0      0      00000000 936    void:t(0,25)=(0,25)
1170   EXCL   0      0      00000000 2958   ./inc/string.h
1171   EXCL   0      0      000060d4 968    ./inc/types.h
1172   FUN    0      0      f0101580 5887   strlen:F(0,1)
1173   PSYM   0      0      00000008 5901   s:p(0,26)=*(0,2)
1174   SLINE  0      13     00000000 0      
1175   SLINE  0      16     0000000a 0      
1176   SLINE  0      16     0000000f 0      
1177   SLINE  0      17     00000015 0      
1178   SLINE  0      19     0000001a 0      
1179   RSYM   0      0      00000000 5652   n:r(0,1)
1180   RSYM   0      0      00000002 5918   s:r(0,26)
1181   LBRAC  0      0      00000000 0      
1182   RBRAC  0      0      0000001c 0      
1183   FUN    0      0      f010159c 5928   strnlen:F(0,1)
1184   PSYM   0      0      00000008 5943   s:p(0,26)
1185   PSYM   0      0      0000000c 5953   size:p(2,16)
1186   SLINE  0      23     00000000 0      
1187   SLINE  0      26     0000000d 0      
1188   SLINE  0      26     00000012 0      
1189   SLINE  0      26     00000016 0      
1190   SLINE  0      27     0000001c 0      
1191   SLINE  0      29     00000023 0      
1192   RSYM   0      0      00000001 5918   s:r(0,26)
1193   FUN    0      0      f01015c3 5966   strcpy:F(0,27)=*(0,2)
1194   PSYM   0      0      00000008 5988   dst:p(0,27)
1195   PSYM   0      0      0000000c 6000   src:p(0,26)
1196   SLINE  0      33     00000000 0      
1197   SLINE  0      37     0000000e 0      
1198   SLINE  0      37     00000013 0      
1199   SLINE  0      37     00000017 0      
1200   SLINE  0      37     0000001d 0      
1201   SLINE  0      40     00000021 0      
1202   RSYM   0      0      00000001 6012   dst:r(0,27)
1203   RSYM   0      0      00000003 6024   src:r(0,26)
1204   FUN    0      0      f01015e9 6036   strcat:F(0,27)
1205   PSYM   0      0      00000008 5988   dst:p(0,27)
1206   PSYM   0      0      0000000c 6000   src:p(0,26)
1207   SLINE  0      44     00000000 0      
1208   SLINE  0      45     0000000e 0      
1209   SLINE  0      46     00000017 0      
1210   SLINE  0      48     00000022 0      
1211   RSYM   0      0      00000003 6012   dst:r(0,27)
1212   FUN    0      0      f0101612 6051   strncpy:F(0,27)
1213   PSYM   0      0      00000008 5988   dst:p(0,27)
1214   PSYM   0      0      0000000c 6000   src:p(0,26)
1215   PSYM   0      0      00000010 5953   size:p(2,16)
1216   SLINE  0      51     00000000 0      
1217   SLINE  0      56     00000014 0      
1218   SLINE  0      56     00000016 0      
1219   SLINE  0      57     0000001a 0      
1220   SLINE  0      57     0000001d 0      
1221   SLINE  0      57     00000020 0      
1222   SLINE  0      60     00000023 0      
1223   SLINE  0      63     0000002b 0      
1224   RSYM   0      0      00000006 6012   dst:r(0,27)
1225   RSYM   0      0      00000002 6024   src:r(0,26)
1226   FUN    0      0      f0101643 6067   strlcpy:F(2,16)
1227   PSYM   0      0      00000008 5988   dst:p(0,27)
1228   PSYM   0      0      0000000c 6000   src:p(0,26)
1229   PSYM   0      0      00000010 5953   size:p(2,16)
1230   SLINE  0      67     00000000 0      
1231   SLINE  0      71     00000014 0      
1232   SLINE  0      72     0000001e 0      
1233   SLINE  0      72     00000022 0      
1234   SLINE  0      72     00000025 0      
1235   SLINE  0      73     00000029 0      
1236   SLINE  0      73     0000002c 0      
1237   SLINE  0      73     0000002f 0      
1238   SLINE  0      74     00000036 0      
1239   SLINE  0      76     00000039 0      
1240   SLINE  0      77     0000003b 0      
1241   RSYM   0      0      00000006 6012   dst:r(0,27)
1242   RSYM   0      0      00000001 6024   src:r(0,26)
1243   RSYM   0      0      00000002 6083   size:r(2,16)
1244   FUN    0      0      f0101682 6096   strcmp:F(0,1)
1245   PSYM   0      0      00000008 6110   p:p(0,26)
1246   PSYM   0      0      0000000c 6120   q:p(0,26)
1247   SLINE  0      81     00000000 0      
1248   SLINE  0      82     0000000d 0      
1249   SLINE  0      82     00000010 0      
1250   SLINE  0      82     00000014 0      
1251   SLINE  0      83     00000018 0      
1252   SLINE  0      83     0000001b 0      
1253   SLINE  0      84     00000020 0      
1254   SLINE  0      84     00000023 0      
1255   SLINE  0      84     00000026 0      
1256   SLINE  0      85     00000028 0      
1257   RSYM   0      0      00000001 6130   p:r(0,26)
1258   RSYM   0      0      00000002 6140   q:r(0,26)
1259   FUN    0      0      f01016ac 6150   strncmp:F(0,1)
1260   PSYM   0      0      00000008 6110   p:p(0,26)
1261   PSYM   0      0      0000000c 6120   q:p(0,26)
1262   PSYM   0      0      00000010 6165   n:p(2,16)
1263   SLINE  0      89     00000000 0      
1264   SLINE  0      90     00000013 0      
1265   SLINE  0      91     00000015 0      
1266   SLINE  0      91     00000018 0      
1267   SLINE  0      90     0000001b 0      
1268   SLINE  0      90     0000001f 0      
1269   SLINE  0      90     00000022 0      
1270   SLINE  0      90     00000026 0      
1271   SLINE  0      95     0000002a 0      
1272   SLINE  0      95     0000002d 0      
1273   SLINE  0      95     00000030 0      
1274   SLINE  0      96     00000032 0      
1275   SLINE  0      93     00000035 0      
1276   RSYM   0      0      00000000 6130   p:r(0,26)
1277   RSYM   0      0      00000002 6140   q:r(0,26)
1278   FUN    0      0      f01016e8 6175   strchr:F(0,27)
1279   PSYM   0      0      00000008 5943   s:p(0,26)
1280   PSYM   0      0      0000000c 3450   c:p(0,1)
1281   SLINE  0      102    00000000 0      
1282   SLINE  0      103    0000000e 0      
1283   SLINE  0      103    00000011 0      
1284   SLINE  0      104    00000015 0      
1285   SLINE  0      103    00000019 0      
1286   SLINE  0      106    0000001e 0      
1287   SLINE  0      107    00000023 0      
1288   RSYM   0      0      00000000 5918   s:r(0,26)
1289   RSYM   0      0      00000001 6190   c:r(0,2)
1290   FUN    0      0      f010170d 6199   strfind:F(0,27)
1291   PSYM   0      0      00000008 5943   s:p(0,26)
1292   PSYM   0      0      0000000c 3450   c:p(0,1)
1293   SLINE  0      113    00000000 0      
1294   SLINE  0      114    0000000e 0      
1295   SLINE  0      115    00000011 0      
1296   SLINE  0      114    00000019 0      
1297   SLINE  0      118    0000001e 0      
1298   RSYM   0      0      00000000 5918   s:r(0,26)
1299   RSYM   0      0      00000001 6190   c:r(0,2)
1300   FUN    0      0      f010172d 6215   memset:F(0,28)=*(0,25)
1301   PSYM   0      0      00000008 6238   v:p(0,28)
1302   PSYM   0      0      0000000c 3450   c:p(0,1)
1303   PSYM   0      0      00000010 6165   n:p(2,16)
1304   SLINE  0      123    00000000 0      
1305   SLINE  0      126    00000010 0      
1306   SLINE  0      128    00000014 0      
1307   SLINE  0      129    0000001c 0      
1308   SLINE  0      130    00000020 0      
1309   SLINE  0      130    00000025 0      
1310   SLINE  0      130    0000002a 0      
1311   SLINE  0      130    0000002f 0      
1312   SLINE  0      130    00000033 0      
1313   SLINE  0      132    00000035 0      
1314   SLINE  0      131    00000038 0      
1315   SLINE  0      135    0000003f 0      
1316   SLINE  0      139    00000045 0      
1317   RSYM   0      0      00000007 6248   v:r(0,28)
1318   RSYM   0      0      00000001 6258   n:r(2,16)
1319   FUN    0      0      f0101779 6268   memmove:F(0,28)
1320   PSYM   0      0      00000008 6284   dst:p(0,28)
1321   PSYM   0      0      0000000c 6296   src:p(0,29)=*(0,25)
1322   PSYM   0      0      00000010 6165   n:p(2,16)
1323   SLINE  0      143    00000000 0      
1324   SLINE  0      149    00000012 0      
1325   SLINE  0      149    00000016 0      
1326   SLINE  0      149    00000019 0      
1327   SLINE  0      151    0000001d 0      
1328   SLINE  0      152    00000020 0      
1329   SLINE  0      154    0000002e 0      
1330   SLINE  0      154    00000031 0      
1331   SLINE  0      154    00000034 0      
1332   SLINE  0      153    00000037 0      
1333   SLINE  0      157    0000003c 0      
1334   SLINE  0      157    0000003f 0      
1335   SLINE  0      156    00000042 0      
1336   SLINE  0      159    00000045 0      
1337   SLINE  0      161    00000048 0      
1338   SLINE  0      163    00000053 0      
1339   SLINE  0      162    00000056 0      
1340   SLINE  0      165    0000005d 0      
1341   SLINE  0      169    00000062 0      
1342   RSYM   0      0      00000007 6316   d:r(0,27)
1343   RSYM   0      0      00000000 6326   dst:r(0,28)
1344   RSYM   0      0      00000006 6338   src:r(0,29)
1345   RSYM   0      0      00000001 6258   n:r(2,16)
1346   LBRAC  0      0      00000000 0      
1347   RBRAC  0      0      00000066 0      
1348   FUN    0      0      f01017df 6350   memcpy:F(0,28)
1349   PSYM   0      0      00000008 6284   dst:p(0,28)
1350   PSYM   0      0      0000000c 6365   src:p(0,29)
1351   PSYM   0      0      00000010 6165   n:p(2,16)
1352   SLINE  0      210    00000000 0      
1353   SLINE  0      211    0000000a 0      
1354   SLINE  0      212    00000018 0      
1355   FUN    0      0      f01017f9 6377   memcmp:F(0,1)
1356   PSYM   0      0      00000008 6391   v1:p(0,29)
1357   PSYM   0      0      0000000c 6402   v2:p(0,29)
1358   PSYM   0      0      00000010 6165   n:p(2,16)
1359   SLINE  0      216    00000000 0      
1360   SLINE  0      220    00000014 0      
1361   SLINE  0      221    00000018 0      
1362   SLINE  0      221    0000001b 0      
1363   SLINE  0      221    0000001e 0      
1364   SLINE  0      223    00000022 0      
1365   SLINE  0      223    00000025 0      
1366   SLINE  0      222    0000002a 0      
1367   SLINE  0      222    0000002d 0      
1368   SLINE  0      222    00000030 0      
1369   SLINE  0      226    00000034 0      
1370   SLINE  0      227    00000039 0      
1371   RSYM   0      0      00000000 6413   s1:r(0,30)=*(2,5)
1372   RSYM   0      0      00000002 6431   s2:r(0,30)
1373   RSYM   0      0      00000000 6442   v1:r(0,29)
1374   RSYM   0      0      00000002 6453   v2:r(0,29)
1375   LBRAC  0      0      00000000 0      
1376   RBRAC  0      0      0000003d 0      
1377   FUN    0      0      f0101836 6464   memfind:F(0,28)
1378   PSYM   0      0      00000008 6480   s:p(0,29)
1379   PSYM   0      0      0000000c 3450   c:p(0,1)
1380   PSYM   0      0      00000010 6165   n:p(2,16)
1381   SLINE  0      231    00000000 0      
1382   SLINE  0      232    0000000d 0      
1383   SLINE  0      233    00000012 0      
1384   SLINE  0      234    00000016 0      
1385   SLINE  0      233    0000001a 0      
1386   SLINE  0      237    0000001f 0      
1387   RSYM   0      0      00000002 6490   ends:r(0,29)
1388   RSYM   0      0      00000000 6503   s:r(0,29)
1389   RSYM   0      0      00000001 3259   c:r(0,1)
1390   LBRAC  0      0      00000000 0      
1391   RBRAC  0      0      00000021 0      
1392   FUN    0      0      f0101857 6513   strtol:F(0,3)
1393   PSYM   0      0      00000008 5943   s:p(0,26)
1394   PSYM   0      0      0000000c 6527   endptr:p(0,31)=*(0,27)
1395   PSYM   0      0      00000010 6550   base:p(0,1)
1396   SLINE  0      241    00000000 0      
1397   SLINE  0      246    00000010 0      
1398   SLINE  0      247    00000012 0      
1399   SLINE  0      246    00000015 0      
1400   SLINE  0      246    00000018 0      
1401   SLINE  0      250    00000020 0      
1402   SLINE  0      242    00000024 0      
1403   SLINE  0      252    00000029 0      
1404   SLINE  0      256    0000002d 0      
1405   SLINE  0      256    00000035 0      
1406   SLINE  0      261    0000003a 0      
1407   SLINE  0      251    0000004e 0      
1408   SLINE  0      242    00000051 0      
1409   SLINE  0      253    00000058 0      
1410   SLINE  0      253    0000005b 0      
1411   SLINE  0      256    00000062 0      
1412   SLINE  0      258    00000068 0      
1413   SLINE  0      259    0000006c 0      
1414   SLINE  0      259    0000006f 0      
1415   SLINE  0      259    00000074 0      
1416   SLINE  0      257    00000076 0      
1417   SLINE  0      257    00000079 0      
1418   SLINE  0      257    0000007e 0      
1419   SLINE  0      268    00000080 0      
1420   SLINE  0      268    00000083 0      
1421   SLINE  0      275    00000086 0      
1422   SLINE  0      277    0000008b 0      
1423   SLINE  0      277    0000008e 0      
1424   SLINE  0      277    00000092 0      
1425   SLINE  0      267    00000094 0      
1426   SLINE  0      267    00000097 0      
1427   SLINE  0      267    0000009a 0      
1428   SLINE  0      269    000000a1 0      
1429   SLINE  0      269    000000a4 0      
1430   SLINE  0      270    000000ab 0      
1431   SLINE  0      270    000000ae 0      
1432   SLINE  0      271    000000b3 0      
1433   SLINE  0      271    000000b6 0      
1434   SLINE  0      272    000000bd 0      
1435   SLINE  0      272    000000c0 0      
1436   SLINE  0      281    000000c5 0      
1437   SLINE  0      282    000000cb 0      
1438   SLINE  0      283    000000d0 0      
1439   SLINE  0      284    000000d9 0      
1440   RSYM   0      0      00000007 6562   neg:r(0,1)
1441   RSYM   0      0      00000000 6573   val:r(0,3)
1442   RSYM   0      0      00000001 5918   s:r(0,26)
1443   RSYM   0      0      00000003 5529   base:r(0,1)
1444   LBRAC  0      0      00000000 0      
1445   RSYM   0      0      00000002 6584   dig:r(0,1)
1446   LBRAC  0      0      00000080 0      
1447   RBRAC  0      0      000000c5 0      
1448   RBRAC  0      0      000000de 0      
1449   SO     0      0      f0101935 0      

